2.117668088664744
2.100425498755435
2.0824657524204313
2.063816789206309
2.0445191802296767
2.0246229244795297
2.0041841933277715
1.9832623755990813
1.9619176244650811
1.9402089753831204
1.9181930117365302
1.895923003069426
1.8734484210561893
1.8508147392211962
1.8280634341274253
1.8052321214568923
1.7823547760920644
1.7594619990202842
1.7365813049600336
1.7137374130853777
1.6909525294538517
1.6682466141670567
1.645637629338189
1.6231417659693583
1.6007736491427722
1.5785465217244492
1.5564724072313942
1.5345622527432727
1.5128260528347663
1.4912729555278799
1.4699113512597002
1.4487489458626448
1.4277928185828699
1.4070494662315352
1.3865248346783148
1.3662243390545004
1.3461528742241282
1.3263148172883883
1.3067140240874315
1.2873538218265923
1.2682370000516376
1.2493658022031173
1.2307419198730338
1.212366491658334
1.1942401081589067
1.1763628242210142
1.1587341790115055
1.141353223964408
1.1242185581144417
1.1073283698647831
1.0906804838647208
1.0742724114207554
1.0581014027423525
1.042164499327328
1.0264585849063739
1.010980433567818
0.9957267539443698
0.9806942286348528
0.9658795483298964
0.9512794403901177
0.936890691873054
0.9227101672114552
0.908734820906248
0.8949617057125372
0.881387976869637
0.8680108929615081
0.8548278139984746
0.8418361972912671
0.8290335916506943
0.8164176303962966
0.8039860236001621
0.7917365499317237
0.7796670484090129
0.7677754103039106
0.7560595713950796
0.7445175047135703
0.7331472138831748
0.7219467271206476
0.7109140919298559
0.7000473704984843
0.6893446357856424
0.678803968273125
0.6684234533415614
0.6582011792247213
0.6481352354902273
0.6382237119923798
0.6284646982421991
0.6188562831407484
0.6093965550239026
0.6000836019696884
0.5909155123228291
0.581890375394994
0.5730062823032726
0.5642613269134413
0.5556536068585435
0.5471812246070937
0.5388422885587826
0.5306349141488633
0.5225572249454198
0.5146073537264606
0.5067834435262181
0.4990836486422076
0.4915061355965016
0.484049084046325
0.4767106876405043
0.46948915481951603
0.4623827095579063
0.45538959204870727
0.4485080593301874
0.441736385855841
0.4350728640089866
0.4285158045637003
0.422063537094088
0.4157144103340977
0.4094667924902161
0.4033190715094791
0.39726965530527214
0.3913169719434055
0.38545946979092754
0.37969561763010384
0.37402390473991953
0.3684428409473965
0.3629509566509277
0.35754680281774026
0.3522289509575009
0.3469959930739788
0.34184654159657607
0.33677922929344073
0.3317927091677696
