2.117668088664744
2.076605622650543
2.0395189691788818
2.004028450310591
1.9696219713526253
1.9360895859429372
1.9033201860660194
1.8712453852261781
1.8398185020857576
1.8090051398014964
1.7787784175842956
1.7491163327153236
1.720000197469729
1.6914136602960956
1.6633420639342333
1.6357720075010442
1.608691037221217
1.5820874212949692
1.5559499817180913
1.530267966052903
1.5050309483848232
1.4802287526649884
1.455851394246342
1.4318890371750914
1.4083319659827584
1.3851705714878515
1.3623953505351347
1.3399969197050128
1.3179660428249227
1.2962936716163744
1.2749709980390491
1.2539895159029741
1.2333410882113744
1.2130180156187529
1.1930131005296258
1.1733197009282255
1.1539317682015005
1.1348438641106329
1.116051153679386
1.097549372959053
1.0793347731216991
1.0614040447554343
1.0437542282007701
1.0263826169611172
1.009286661475421
0.9924638798728165
0.9759117809245331
0.959627802567874
0.9436092674366415
0.9278533550864189
0.9123570892530215
0.8971173376178099
0.8821308211636104
0.8673941302088601
0.8529037444901684
0.8386560551063491
0.8246473866392006
0.810874018254188
0.7973322030123263
0.7840181849715987
0.7709282139183641
0.7580585577534793
0.7454055126769663
0.7329654113832877
0.7207346295102506
0.7087095905898764
0.6968867697385346
0.6852626963031392
0.6738339556552303
0.6625971902985506
0.6515491004303915
0.6406864440736806
0.6300060368761023
0.6195047516546297
0.6091795177486591
0.5990273202322318
0.589045199025346
0.5792302479357984
0.5695796136560554
0.5600904947340832
0.5507601405326115
0.5415858501877766
0.5325649715753095
0.5236949002902389
0.5149730786443935
0.5063969946846545
0.4979641812339079
0.48967221495586194
0.48151871544431923
0.4735013443370512
0.465617804454102
0.45786583896012045
0.45024323055014714
0.4427478006581862
0.4353774086878089
0.4281299512640063
0.4210033615054838
0.4139956083165986
0.40710469569814645
0.40032866207622547
0.3936655796484381
0.38711355374671247
0.38067072221606385
0.37433525480864843
0.3681053525924934
0.36197924737432463
0.3559552011359397
0.35003150548360873
0.34420648111001545
0.33847847726827734
0.3328458712576075
0.32730706792021375
0.3218604991490442
0.31650462340601765
0.31123792525039234
0.3060589148769502
0.30096612766368686
0.2959581237287184
0.29103348749612606
0.2861908272704799
0.281428774819791
0.2767459849666565
0.27214113518737293
0.2676129252188021
0.26316007667278646
0.25878133265791836
0.2544754574084748
0.2502412359203426
0.2460774735937578
0.24198299588269975
0.2379566479507783
0.23399729433346475
0.2301038186065203
0.2262751230604807
0.22251012838106082
0.21880777333535217
0.21516701446368147
0.2115868257770136
0.2080661984597768
0.20460414057799917
0.2011996767926431
0.19785184807803113
0.19455971144526005
0.19132233967050258
0.18813882102809407
0.18500825902831533
0.18192977215977515
0.17890249363630092
0.17592557114825286
0.17299816661817474
0.17011945596069716
0.16728862884661247
0.1645048884710427
0.16176745132562315
0.15907554697462412
0.1564284178349414
0.15382531895987778
0.15126551782665154
0.14874829412755716
0.14627293956471657
0.14383875764835138
0.14144506349851402
0.13909118365021317
0.13677645586187406
0.13450022892707328
0.13226186248948588
0.13006072686099193
0.12789620284288344
0.1257676815501157
0.12367456423855124
0.12161626213514021
0.11959219627098873
0.1176017973172611
0.11564450542386699
0.11371977006088699
0.11182704986268238
0.10996581247464852
0.10813553440256408
0.10633570086448539
0.10456580564515007
0.1028253509528393
0.10111384727865996
0.09943081325820227
0.09777577553553361
0.09614826862948632
0.09454783480220126
0.09297402392988718
0.09142639337575827
0.08990450786511095
0.08840793936250711
0.0869362669510202
0.08548907671351731
0.0840659616159353
0.08266652139252068
0.08129036243299846
0.07993709767163679
0.07860634647817469
0.07729773455058149
0.07601089380961754
0.07474546229516235
0.07350108406428454
0.07227740909101893
0.07107409316782659
0.06989079780870516
0.06872719015392299
0.06758294287635033
0.06645773408935836
0.06535124725626217
0.0642631711012773
0.06319319952196997
0.06214103150316914
0.06110637103232098
0.06008892701625821
0.05908841319936167
0.05810454808308967
0.05713705484685336
0.05618566127021286
0.05525009965637497
0.054330106756967755
0.05342542369807212
0.052535795907488025
0.0516609730432154
0.05080070892312873
0.04995476145582481
0.04912289257262512
0.048304868160712354
0.04750045799738147
0.04670943568538822
0.04593157858937478
0.045166667773356886
0.04441448793924972
0.043674827366421635
0.04294747785225418
0.042232234653690935
0.041528896429761326
0.040837265185061665
0.04015714621417749
0.03948834804703
0.03883068239513436
0.03818396409875115
0.037548011074917606
0.036922644266344375
0.036307687591161604
0.03570296789350192
0.03510831489490553
0.03452356114653145
0.03394854198216769
0.033383095472019154
0.03282706237726482
0.03228028610537143
0.03174261266614939
0.031213890628538705
0.030693971078113794
0.030182707575294263
0.029679956114250113
0.02918557508248915
0.028699425221118076
0.028221369585759607
0.027751273508123148
0.02728900455821165
0.026834432507154966
0.02638742929066413
0.025947868973088546
0.025515627712072428
0.025090583723797036
0.0246726172488005
0.02426161051836517
0.023857447721462467
0.0234600149722463
0.023069200278087197
0.022684893508135868
0.02230698636240862
0.02193537234138678
0.021569946716119594
0.021210606498823434
0.02085725041396943
0.02050977886985078
0.02016809393062079
0.019832099288796326
0.01950170023821752
0.019176803647453538
0.018857317933653483
0.018543153036827516
0.01823422039455785
0.017930432917126402
0.017631704963057136
0.01733795231506319
0.01704909215639281
0.01676504304756859
0.01648572490351242
0.016211058971048787
0.01594096780678203
0.01567537525534161
0.015414206427985746
0.015157387681562697
0.014904846597819495
0.014656511963053672
0.014412313748103556
0.014172183088670073
0.0139360522659649
0.01370385468767942
0.013475524869269617
0.013250998415551498
0.01303021200260243
0.012813103359960764
0.012599611253123205
0.012389675466330841
0.012183236785641139
0.011980236982282087
0.011780618796279752
0.011584325920359883
0.011391302984115835
0.01120149553843924
0.011014850040208664
0.010831313837232284
0.01065083515344148
0.010473363074328272
0.010298847532626668
0.010127239294228782
0.009958489944337689
0.009792551873847987
0.009629378265953337
0.009468923082975153
0.009311141053411777
0.009155987659200985
0.009003419123194053
0.008853392396838734
0.00870586514806572
0.008560795749376088
0.008418143266127914
0.008277867445015043
0.008139928702739493
0.008004288114869635
0.007870907404884981
0.007739748933403607
0.00761077568758427
0.007483951270710267
0.007359239891941662
0.007236606356239898
0.007116016054459425
0.006997434953602641
0.006880829587238411
0.006766167046079556
0.006653414968714168
0.006542541532494839
0.0064335154445757355
0.006326305933101445
0.006220882738539173
0.006117216105158251
0.0060152767726476914
0.005915035967875765
0.005816465396785358
0.005719537236423557
0.005624224127103926
0.005530499164699931
0.005438335893065414
0.005347708296580577
0.00525859079282379
0.005170958225361861
0.005084785856664297
0.005000049361130967
0.004916724818239735
0.004834788705804555
0.004754217893347695
0.004674989635581099
0.0045970815659964834
0.004520471690562349
0.004445138381525183
0.004371060371313249
0.004298216746543354
0.004226586942124859
0.004156150735464108
0.004086888240763764
0.004018779903417116
0.003951806494495781
0.0038859491053294315
0.0038211891421747143
0.003757508320973301
0.0036948886621972652
0.0036333124857798097
0.0035727624061310526
0.003513221327235334
0.003454672437830985
0.003397099206670911
0.0033404853778596882
0.003284814966271099
0.0032300722530397923
0.0031762417811288376
0.003123308350970127
0.0030712570161786283
0.0030200730793373183
0.0029697420878514484
0.0029202498298731895
0.0028715823302922546
0.002823725846795282
0.002776666865990145
0.002730392099592476
0.0026848884806791335
0.0026401431600022738
0.002596143502364335
0.0025528770830534906
0.0025103316843398233
0.002468495292028215
0.0024273560920686486
0.0023869024672241433
0.002347122993793225
0.0023080064383859842
0.002269541754757016
0.002231718080686457
0.002194524734917291
0.002157951214140644
0.0021219871900324404
0.002086622506340321
0.0020518471760158584
0.0020176513783988774
0.0019840254564445557
0.0019509599139998553
0.001918445413122874
0.0018864727714480573
0.001855032959595976
0.0018241170986242807
0.001793716457522111
0.001763822450747062
0.0017344266358011102
0.001705520710849403
0.001677096512376163
0.0016491460128812308
0.0016216613186149852
0.0015946346673498845
0.0015680584261898469
0.0015419250894165293
0.0015162272763698025
0.0014909577293657783
0.0014661093116479548
0.0014416750053725261
0.0014176479096277596
0.0013940212384867942
0.0013707883190911903
0.0013479425897679799
0.0013254775981771166
0.0013033869994914433
0.0012816645546039063
0.001260304128367343
0.0012392996878627827
0.001218645300696129
0.001198335133323602
0.0011783634494047924
0.0011587246081835834
0.0011394130628960984
0.0011204233592035308
0.0011017501336540423
0.0010833881121675225
0.0010653321085472825
0.001047577023015252
0.0010301178407728809
0.001012949630584892
0.000996067543387784
0.000979466810919911
0.0009631427443760654
0.0009470907330829912
0.0009313062431983678
0.0009157848164302354
0.0009005220687786876
0.0008855136892974975
0.0008707554388775751
0.0008562431490498212
0.0008419727208078354
0.0008279401234517205
0.0008141413934483097
0.0008005726333134338
0.000787230010510671
0.0007741097563703971
0.0007612081650235801
0.0007485215923574084
0.0007360464549851252
0.0007237792292352113
0.0007117164501550616
0.0006998547105334112
0.0006881906599388831
0.0006767210037724601
0.0006654425023382709
0.0006543519699286793
0.0006434462739240453
0.0006327223339082379
0.0006221771208001393
0.0006118076559965085
0.0006016110105317885
0.0005915843042509409
0.0005817247049954429
0.0005720294278048113
0.0005624957341291607
0.0005531209310562587
0.000543902370550766
0.000534837448706447
0.0005259236050116632
0.0005171583216246441
0.0005085391226643852
0.0005000635735098885
0.0004917292801132003
0.0004835338883238344
0.0004754750832232984
0.0004675505884713295
0.00045975816566314753
0.00045209561369761856
0.0004445607681556027
0.0004371515006879225
0.0004298657184152364
0.0004227013633367617
0.00041565641174863457
0.0004087288736725078
0.00040191679229435354
0.00039521824341028636
0.0003886313348847639
0.0003821542061152017
0.00037578502750647844
0.00036952199995472237
0.00036336335433923705
0.0003573073510222359
0.0003513522793576691
0.00034549645720909273
0.00033973823047289686
0.0003340759726122935
0.0003285080841983403
0.00032303299245641697
0.0003176491508245243
0.00031235503851363597
0.0003071491600807188
0.00030203004500456253
0.0002969962472720617
0.000292046344968148
0.0002871789398751716
0.00028239265707824627
0.0002776861445759406
0.0002730580728993486
0.0002685071347358087
0.0002640320445601755
0.00025963153827188634
0.00025530437283775864
0.0002510493259400519
0.00024686519563233366
0.00024275080000028321
0.00023870497682637015
0.00023472658326284063
0.0002308144955083548
0.0002269676084910177
0.0002231848355557244
0.00021946510815780873
0.00021580737556046577
0.0002122106045388227
0.00020867377908733174
0.00020519590013369125
0.0002017759852557009
0.00019841306840449915
0.00019510619963110062
0.00019185444481873164
0.00018865688541837492
0.00018551261818995112
0.00018242075494620966
0.00017938042230323902
0.0001763907614325951
0.00017345092781914683
0.0001705600910227368
0.00016771743444296476
0.00016492215508969723
0.00016217346335461322
0.00015947058279042894
0.00015681274988904145
0.0001541992138673034
0.0001516292364553883
0.0001491020916868336
0.00014661706569477973
0.00014417345650969974
0.00014177057386085285
0.00013940773898221003
0.00013708428441989968
0.0001347995538443515
0.00013255290186380778
0.00013034369384344127
0.00012817130572504638
0.000126035123851235
0.00012393454479210422
0.00012186897517475883
0.00011983783151500752
0.00011784054005375354
0.00011587653659440147
0.00011394526634283815
0.00011204618375177427
0.0001101787523660771
0.0001083424446711461
0.00010653674194455135
0.00010476113410843281
0.00010301511958676089
0.00010129820516224707
9.960990583822595e-05
9.7949744700902e-05
9.631725278494863e-05
9.471196894133286e-05
9.31334397058861e-05
9.158121917256564e-05
9.00548688672862e-05
