2.117668088664744
2.1054064269426878
2.092675116895324
2.0794683202253474
2.0657812415538053
2.0516102135140715
2.036952778510199
2.0218077659308236
2.0061753635785946
1.9900571820671302
1.9734563109553103
1.9563773654344112
1.9388265224584276
1.9208115453124854
1.902341795747942
1.8834282329741212
1.8640833989830148
1.8443213898910327
1.8241578132063727
1.80360973116631
1.7826955905295292
1.7614351394479069
1.7398493322731405
1.7179602233695845
1.6957908511992974
1.6733651141129393
1.6507076394160318
1.6278436473805038
1.604798811934014
1.581599119783111
1.5582707297111928
1.5348398337399511
1.511332521756347
1.4877746510899035
1.4641917223818575
1.4406087629236775
1.417050218463201
1.3935398542878321
1.3701006662014257
1.3467548018198856
1.3235234924248886
1.3004269954395942
1.277484547428159
1.2547143273749843
1.2321334298717666
1.2097578477317605
1.1876024634616626
1.1656810489519824
1.1440062726960782
1.1225897138149916
1.1014418821484429
1.0805722436701097
1.059989250495796
1.0397003747743818
1.0197121457816716
1.0000301895745074
0.9806592706051589
0.9616033347423418
0.9428655531938878
0.924448366875811
0.9063535308221933
0.8885821582790643
0.8711347641725404
0.8540113076863226
0.8372112337258332
0.8207335130854754
0.8045766811715424
0.7887388751661036
0.7732178695467369
0.7580111099033028
0.7431157450162085
0.728528657180879
0.7142464907806756
0.7002656791254195
0.6865824695852386
0.6731929470598251
0.6600930558316352
0.647278619858221
0.6347453615640194
0.6224889191956711
0.6105048628075077
0.598788708945383
0.5873359340976756
0.5761419869822085
0.5652022997371178
0.5545122980824866
0.5440674105179217
0.5338630766192934
0.5238947544956386
0.514157927464824
0.5046481100040342
0.49536085302852023
0.4862917485493915
0.47743643375854805
0.46879059458620287
0.46034996877382545
0.45211034850278103
0.4440675826164641
0.4362175784713214
0.4285563034498618
0.4210797861665424
0.41378411739532234
0.40666545074567256
0.3997200031119404
0.39294405491917633
0.3863339501868405
0.37988609643022037
0.37359696441789253
0.3674630878021649
0.3614810626381161
0.35564754680562344
0.3499592593476172
0.3444129797367208
0.3390055470814365
0.3337338592820877
0.3285948721458577
0.32358559846944157
0.31870310709705774
0.313944521960854
0.3093070211100681
0.30478783573467505
0.30038424918866935
0.29609359601757596
0.2919132609942702
0.28784067816670317
0.28387332992067554
0.28000874606037873
0.2762445029090226
0.27257822243149754
0.26900757138067055
0.2655302604685821
0.2621440435635171
0.2588467169136288
0.2556361183975371
0.2525101268020763
0.24946666112714652
0.24650367991741165
0.24361918062040172
0.2408111989704075
0.238077808397407
0.2354171194601167
0.23282727930215658
0.23030647113020558
0.22785291371294322
0.22546486089950196
0.22314060115609943
0.22087845711947776
0.21867678516575548
0.2165339749932773
0.2144484492180521
0.21241866298037734
0.21044310356127052
0.20852029000736377
0.2066487727629526
0.20482713330794697
0.20305398380052478
0.20132796672335518
0.19964775453232492
0.1980120493067781
0.19641958240035615
0.19486911409160207
0.19335943323358
0.19188935690184336
0.19045773004015923
0.1890634251034976
0.18770534169785447
0.186382406216575
0.18509357147290903
0.18383781632861
0.18261414531846112
0.18142158827067306
0.18025919992316963
0.17912605953582825
0.17802127049880248
0.17694395993710021
0.17589327831163593
0.17486839901701964
0.1738685179763748
0.17289285323351386
0.17194064454282096
0.17101115295722039
0.17010366041461897
0.16921746932323023
0.16835190214619586
0.1675063009859257
0.16668002716858113
0.16587246082912668
0.16508300049736982
0.16431106268540607
0.163556081476874
0.16281750811842113
0.16209481061376077
0.16138747332069628
0.1606949965514633
0.16001689617673331
0.15935270323360168
0.15870196353786056
0.1580642373008478
0.1574390987511331
0.15682613576129587
0.15622494948001478
0.15563515396968652
0.15505637584975698
0.15448825394593813
0.15393043894546457
0.15338259305851948
0.1528443896859505
0.15231551309337196
0.15179565809173637
0.15128452972444523
0.15078184296104385
0.15028732239754522
0.14980070196340042
0.14932172463512725
0.14885014215659736
0.14838571476596435
0.14792821092921016
0.1474774070802782
0.14703308736774226
0.14659504340796572
0.14616307404468568
0.14573698511495586
0.1453165892213742
0.14490170551051304
0.1444921594574654
0.14408778265641814
0.14368841261715448
0.14329389256738845
0.14290407126082605
0.14251880279084922
0.14213794640971472
0.14176136635315734
0.1413889316702834
0.1410205160586467
0.14065599770438697
0.14029525912731994
0.13993818703086253
0.13958467215667852
0.1392346091439287
0.13888789639301186
0.13854443593368257
0.13820413329743148
0.1378668973940176
0.1375326403920388
0.1372012776034342
0.13687272737180622
0.13654691096445792
0.13622375246803894
0.13590317868769738
0.135585119049634
0.1352695055069599
0.13495627244876018
0.13464535661226548
0.1343366969980375
0.13403023478807805
0.13372591326676808
0.133423677744553
0.13312347548428283
0.1328252556301272
0.13252896913898174
0.13223456871428496
0.13194200874217016
0.13165124522987334
0.1313622357463255
0.13107493936485703
0.13078931660794363
0.1305053293939264
0.13022294098563947
0.12994211594088245
0.1296628200646729
0.1293850203632213
0.12910868499956785
0.1288337832508243
0.12856028546696777
0.1282881630311292
0.1280173883213288
0.12774793467360604
0.12747977634649477
0.1272128884867992
0.12694724709662192
0.1266828290016025
0.12641961182032307
0.12615757393483737
0.12589669446228824
0.12563695322757074
0.12537833073700327
0.12512080815297505
0.12486436726953026
0.12460899048885807
0.12435466079865368
0.12410136175032188
0.12384907743798926
0.12359779247829936
0.12334749199095878
0.12309816158001007
0.12284978731580226
0.12260235571763595
0.12235585373705678
0.12211026874177397
0.12186558850018103
0.12162180116645616
0.12137889526622235
0.1211368596827449
0.12089568364364713
0.12065535670812622
0.12041586875464795
0.12017720996910726
0.11993937083343138
0.11970234211461463
0.11946611485416522
0.11923068035795084
0.11899603018642653
0.11876215614523214
0.11852905027614465
0.11829670484837189
0.11806511235017655
0.11783426548081533
0.11760415714278406
0.11737478043435648
0.1171461286424044
0.11691819523549135
0.11669097385722581
0.11646445831986878
0.11623864259818115
0.11601352082350634
0.11578908727807613
0.11556533638953362
0.11534226272566236
0.11511986098931727
0.11489812601354674
0.11467705275690052
0.11445663629891553
0.1142368718357734
0.1140177546761223
0.11379928023705801
0.11358144404025787
0.11336424170826045
0.1131476689608879
0.11293172161180373
0.11271639556520044
0.11250168681261441
0.11228759142986139
0.11207410557408715
0.11186122548093237
0.11164894746180286
0.11143726790124511
0.11122618325442105
0.11101569004467782
0.11080578486121129
0.11059646435681653
0.1103877252457252
0.11017956430152373
0.10997197835515153
0.10976496429297364
0.10955851905492758
0.10935263963274004
0.10914732306821115
0.10894256645156296
0.10873836691985171
0.10853472165543876
0.1083316278845204
0.10812908287571216
0.1079270839386875
0.10772562842286723
0.10752471371615797
0.10732433724373953
0.10712449646689606
0.10692518888189295
0.10672641201889457
0.10652816344092299
0.10633044074285661
0.10613324155046434
0.10593656351947861
0.10574040433470083
0.10554476170914054
0.1053496333831886
0.10515501712381826
0.10496091072381837
0.10476731200105394
0.1045742187977541
0.10438162897982671
0.10418954043619924
0.10399795107818229
0.10380685883885724
0.103616261672487
0.10342615755394848
0.10323654447818442
0.10304742045967703
0.10285878353194042
0.10267063174703077
0.10248296317507478
0.10229577590381594
0.10210906803817657
0.1019228376998351
0.10173708302681991
0.10155180217311728
0.10136699330829287
0.10118265461712764
0.10099878429926559
0.10081538056887569
0.10063244165432425
0.10044996579785992
0.10026795125530882
0.10008639629578185
0.09990529920139049
0.0997246582669741
0.09954447179983573
0.09936473811948725
0.09918545555740388
0.09900662245678617
0.09882823717233069
0.09865029807000962
0.09847280352685465
0.09829575193075224
0.09811914168024292
0.097942971184328
0.09776723886228336
0.09759194314347891
0.09741708246720347
0.09724265528249705
0.09706866004798674
0.0968950952317289
0.09672195931105641
0.09654925077243043
0.09637696811129756
0.09620510983195088
0.09603367444739534
0.09586266047921814
0.09569206645746206
0.09552189092050405
0.0953521324149355
0.09518278949544842
0.09501386072472387
0.0948453446733234
0.09467723991958464
0.09450954504951947
0.09434225865671494
0.09417537934223741
0.09400890571453974
0.09384283638937044
0.09367716998968571
0.09351190514556385
0.09334704049412254
0.0931825746794374
0.09301850635246355
0.09285483417095942
0.09269155679941153
0.09252867290896266
0.0923661811773407
0.09220408028878992
0.09204236893400396
0.09188104581006039
0.09172010962035719
0.0915595590745497
0.09139939288849158
0.09123960978417361
0.09108020848966741
0.0909211877390685
0.09076254627244056
0.09060428283576279
0.09044639618087615
0.09028888506543221
0.09013174825284298
0.08997498451223172
0.08981859261838421
0.08966257135170211
0.08950691949815644
0.08935163584924265
0.08919671920193595
0.0890421683586476
0.08888798212718343
0.0887341593207009
0.08858069875766854
0.08842759926182586
0.0882748596621442
0.08812247879278706
0.08797045549307289
0.08781878860743768
0.08766747698539787
0.08751651948151434
0.08736591495535764
0.08721566227147184
0.08706576029934145
0.08691620791335711
0.08676700399278227
0.08661814742172108
0.08646963708908556
0.08632147188856412
0.08617365071859089
0.086026172482314
0.0858790360875661
0.08573224044683368
0.08558578447722857
0.08543966710045843
0.08529388724279748
0.08514844383505935
0.08500333581256861
0.08485856211513292
0.08471412168701661
0.08457001347691316
0.084426236437919
0.08428278952750727
0.08413967170750224
0.08399688194405282
0.08385441920760908
0.08371228247289478
0.08357047071888518
0.08342898292878068
0.08328781808998424
0.08314697519407618
0.0830064532367913
0.08286625121799554
0.08272636814166238
0.08258680301585036
0.08244755485268021
0.08230862266831247
0.08217000548292522
0.08203170232069223
0.08189371220976141
0.08175603418223204
0.08161866727413505
0.08148161052541068
0.08134486297988813
0.08120842368526424
0.08107229169308303
0.08093646605871595
0.08080094584134057
0.08066573010392107
0.08053081791318822
0.08039620833962013
0.08026190045742178
0.0801278933445059
0.07999418608247467
0.07986077775659889
0.07972766745580086
0.0795948542726343
0.07946233730326588
0.0793301156474575
0.07919818840854687
0.07906655469343069
0.07893521361254466
0.07880416427984717
0.07867340581280102
0.07854293733235525
0.07841275796292836
0.07828286683238994
0.078153263072045
0.07802394581661455
0.07789491420422053
0.07776616737636768
0.07763770447792763
0.0775095246571211
0.07738162706550257
0.07725401085794259
0.07712667519261285
0.07699961923096835
0.07687284213773221
0.07674634308087976
0.07662012123162226
0.07649417576439066
0.07636850585682116
0.07624311068973867
0.07611798944714085
0.07599314131618409
0.07586856548716711
0.07574426115351605
0.07562022751176954
0.07549646376156334
0.07537296910561603
0.07524974274971309
0.07512678390269352
0.07500409177643409
0.07488166558583559
0.07475950454880745
0.07463760788625445
0.07451597482206178
0.07439460458308085
0.07427349639911518
0.07415264950290666
0.07403206313012146
0.0739117365193359
0.07379166891202327
0.0736718595525394
0.0735523076881099
0.07343301256881529
0.07331397344757942
0.07319518958015465
0.07307666022510854
0.07295838464381196
0.07284036210042442
0.07272259186188193
0.07260507319788363
0.07248780538087918
0.07237078768605566
0.07225401939132466
0.07213749977731011
0.07202122812733514
0.07190520372740986
0.07178942586621884
0.07167389383510872
